37,51000#39,49000#03-09-2018 15:02:17
37,51000#39,49000#03-09-2018 15:02:23
37,51000 || 39,49000 || 03-09-2018 15:02:36
37,51000||39,49000||03-09-2018 15:11:40
37,51000||39,49000||03-09-2018 15:11:56
37,51000||39,49000||03-09-2018 15:16:30
37,51000||39,49000||03-09-2018 15:16:53||-0.051282051282051
37,51000||39,49000||03-09-2018 15:17:01||0.088235294117647
37,51000||39,49000||03-09-2018 15:20:17||-8.8235294117647
37,51000||39,49000||03-09-2018 15:21:07||8.11
37,51000||39,49000||03-09-2018 15:21:15||0.00
37,51000||39,49000||03-09-2018 15:21:31||-102.70
37,51000||39,49000||03-09-2018 15:21:44||51.35
37,51000||39,49000||03-09-2018 15:24:28||-2.70
37,51000||39,49000||03-09-2018 15:24:35||-2.70
37,51000||39,49000||03-09-2018 15:24:49||-2.70
37,51000||39,49000||03-09-2018 15:24:55||-2.70
37,51000||39,49000||03-09-2018 15:25:02||-2.70
37,51000||39,49000||03-09-2018 15:26:46||-2.70
37,51000||39,49000||03-09-2018 15:26:53||-2.70
37,51000||39,49000||03-09-2018 15:27:00||-2.70
37,51000||39,49000||03-09-2018 15:27:06||-2.70
37,51000||39,49000||03-09-2018 15:27:12||-2.70
37,51000||39,49000||03-09-2018 15:27:18||-2.70
37,51000||39,49000||03-09-2018 15:27:25||-2.70
37,51000||39,49000||03-09-2018 15:27:31||-2.70
37,51000||39,49000||03-09-2018 15:27:37||-2.70
37,51000||39,49000||03-09-2018 15:27:44||-2.70
37,51000||39,49000||03-09-2018 15:27:50||-2.70
37,51000||39,49000||03-09-2018 15:27:56||-2.70
37,51000||39,49000||03-09-2018 15:28:03||-2.70
37,51000||39,49000||03-09-2018 15:28:10||-2.70
37,51000||39,49000||03-09-2018 15:28:16||-2.70
37,51000||39,49000||03-09-2018 15:28:22||-2.70
37,51000||39,49000||03-09-2018 15:28:29||-2.70
37,51000||39,49000||03-09-2018 15:28:35||-2.70
37,51000||39,49000||03-09-2018 15:28:42||-2.70
37,51000||39,49000||03-09-2018 15:28:48||-2.70
37,51000||39,49000||03-09-2018 15:28:55||-2.70
37,51000||39,49000||03-09-2018 15:29:01||-2.70
37,51000||39,49000||03-09-2018 15:29:08||-2.70
37,51000||39,49000||03-09-2018 15:29:14||-2.70
37,51000||39,49000||03-09-2018 15:29:20||-2.70
37,51000||39,49000||03-09-2018 15:29:27||-2.70
37,51000||39,49000||03-09-2018 15:29:33||-2.70
37,51000||39,49000||03-09-2018 15:29:40||-2.70
37,51000||39,49000||03-09-2018 15:29:46||-2.70
37,51000||39,49000||03-09-2018 15:29:52||-2.70
37,51000||39,49000||03-09-2018 15:31:03||-2.70
37,51000||39,49000||03-09-2018 15:31:17||-2.70
